6.2504285714285714
6.250857142857143
6.251285714285714
6.251714285714286
6.252142857142857
6.252571428571429
6.253
6.253428571428572
6.253857142857143
6.2542857142857144
6.254714285714286
6.255142857142857
6.255571428571429
6.256
6.256428571428572
6.256857142857143
6.257285714285715
6.257714285714286
6.2581428571428575
6.258571428571429
6.259
6.259428571428572
6.259857142857143
6.260285714285715
6.260714285714286
6.261142857142858
6.261571428571429
6.2620000000000005
6.262428571428572
6.262857142857143
6.263285714285715
6.263714285714286
6.264142857142858
6.264571428571428
6.265
6.265428571428571
6.265857142857143
6.266285714285714
6.2667142857142855
6.267142857142857
6.267571428571428
6.268
6.268428571428571
6.268857142857143
6.269285714285714
6.269714285714286
6.270142857142857
6.2705714285714285
6.271
6.271428571428571
6.271857142857143
6.272285714285714
6.272714285714286
6.273142857142857
6.273571428571429
6.274
6.2744285714285715
6.274857142857143
6.275285714285714
6.275714285714286
6.276142857142857
6.276571428571428
6.276999999999999
6.277428571428571
6.277857142857142
6.278285714285714
6.278714285714285
6.2791428571428565
6.279571428571428
6.279999999999999
6.280428571428571
6.280857142857142
6.281285714285714
6.281714285714285
6.282142857142857
6.282571428571428
6.2829999999999995
6.283428571428571
6.283857142857142
6.284285714285714
6.284714285714285
6.285142857142857
6.285571428571428
6.286
6.286428571428571
6.2868571428571425
6.287285714285714
6.287714285714285
6.288142857142857
6.288571428571428
6.289
6.289428571428571
6.289857142857143
6.290285714285714
6.2907142857142855
6.291142857142857
6.291571428571428
6.292
6.292428571428571
6.292857142857143
6.293285714285714
6.293714285714286
6.294142857142857
6.2945714285714285
6.295
6.295428571428571
6.295857142857143
6.296285714285714
6.296714285714286
6.297142857142857
6.297571428571429
6.298
6.2984285714285715
6.298857142857143
6.299285714285714
6.299714285714286
6.300142857142857
6.300571428571429
6.301
6.301428571428572
6.301857142857143
6.3022857142857145
6.302714285714286
6.303142857142857
6.303571428571429
6.304
6.304428571428572
6.304857142857143
6.305285714285715
6.305714285714286
6.3061428571428575
6.306571428571429
6.307
6.307428571428572
6.307857142857143
6.308285714285715
6.308714285714286
6.309142857142858
6.309571428571429
6.3100000000000005
6.310428571428572
6.310857142857143
6.311285714285715
6.311714285714285
6.312142857142857
6.312571428571428
6.313
6.313428571428571
6.313857142857143
6.314285714285714
6.3147142857142855
6.315142857142857
6.315571428571428
6.316
6.316428571428571
6.316857142857143
6.317285714285714
6.317714285714286
6.318142857142857
6.3185714285714285
6.319
6.319428571428571
6.319857142857143
6.320285714285714
6.320714285714286
6.321142857142857
6.321571428571429
6.322
6.3224285714285715
6.322857142857143
6.3232857142857135
6.323714285714285
6.324142857142856
6.324571428571428
6.324999999999999
6.325428571428571
6.325857142857142
6.326285714285714
6.326714285714285
6.3271428571428565
6.327571428571428
6.327999999999999
6.328428571428571
6.328857142857142
6.329285714285714
6.329714285714285
6.330142857142857
6.330571428571428
6.3309999999999995
6.331428571428571
6.331857142857142
6.332285714285714
6.332714285714285
6.333142857142857
6.333571428571428
6.334
6.334428571428571
6.3348571428571425
6.335285714285714
6.335714285714285
6.336142857142857
6.336571428571428
6.337
6.337428571428571
6.337857142857143
6.338285714285714
6.3387142857142855
6.339142857142857
6.339571428571428
6.34
6.340428571428571
6.340857142857143
6.341285714285714
6.341714285714286
6.342142857142857
6.3425714285714285
6.343
6.343428571428571
6.343857142857143
6.344285714285714
6.344714285714286
6.345142857142857
6.345571428571429
6.346
6.3464285714285715
6.346857142857143
6.347285714285714
6.347714285714286
6.348142857142857
6.348571428571429
6.349
6.349428571428572
6.349857142857143
6.3502857142857145
6.350714285714286
6.351142857142857
6.351571428571429
6.352
6.352428571428572
6.352857142857143
6.353285714285715
6.353714285714286
6.3541428571428575
6.354571428571429
6.355
6.355428571428572
6.355857142857143
6.356285714285715
6.356714285714286
6.357142857142858
6.357571428571429
6.3580000000000005
6.358428571428571
6.3588571428571425
6.359285714285714
6.359714285714285
6.360142857142857
6.360571428571428
6.361
6.361428571428571
6.361857142857143
6.362285714285714
6.3627142857142855
6.363142857142857
6.363571428571428
6.364
6.364428571428571
6.364857142857143
6.365285714285714
6.365714285714286
6.366142857142857
6.3665714285714285
6.367
6.367428571428571
6.367857142857143
6.368285714285714
6.368714285714286
6.369142857142857
6.369571428571429
6.369999999999999
6.370428571428571
6.370857142857142
6.3712857142857136
6.371714285714285
6.372142857142856
6.372571428571428
6.372999999999999
6.373428571428571
6.373857142857142
6.374285714285714
6.374714285714285
6.375142857142857
6.375571428571428
6.3759999999999994
6.376428571428571
6.376857142857142
6.377285714285714
6.377714285714285
6.378142857142857
6.378571428571428
6.379
6.379428571428571
6.3798571428571424
6.380285714285714
6.380714285714285
6.381142857142857
6.381571428571428
6.382
6.382428571428571
6.382857142857143
6.383285714285714
6.3837142857142855
6.384142857142857
6.384571428571428
6.385
6.385428571428571
6.385857142857143
6.386285714285714
6.386714285714286
6.387142857142857
6.3875714285714285
6.388
6.388428571428571
6.388857142857143
6.389285714285714
6.389714285714286
6.390142857142857
6.390571428571429
6.391
6.3914285714285715
6.391857142857143
6.392285714285714
6.392714285714286
6.393142857142857
6.393571428571429
6.394
6.394428571428572
6.394857142857143
6.3952857142857145
6.395714285714286
6.396142857142857
6.396571428571429
6.397
6.397428571428572
6.397857142857143
6.398285714285715
6.398714285714286
6.3991428571428575
6.399571428571429
6.4
6.400428571428572
6.400857142857143
6.401285714285715
6.401714285714286
6.402142857142858
6.402571428571429
6.4030000000000005
6.403428571428572
6.403857142857143
6.404285714285715
6.404714285714286
6.405142857142857
6.405571428571428
6.406
6.406428571428571
6.406857142857143
6.407285714285714
6.4077142857142855
6.408142857142857
6.408571428571428
6.409
6.409428571428571
6.409857142857143
6.410285714285714
6.410714285714286
6.411142857142857
6.4115714285714285
6.412
6.412428571428571
6.412857142857143
6.413285714285714
6.413714285714286
6.414142857142857
6.414571428571429
6.415
6.4154285714285715
6.415857142857143
6.416285714285714
6.416714285714285
6.417142857142856
6.417571428571428
6.417999999999999
6.418428571428571
6.418857142857142
6.419285714285714
6.419714285714285
6.4201428571428565
6.420571428571428
6.420999999999999
6.421428571428571
6.421857142857142
6.422285714285714
6.422714285714285
6.423142857142857
6.423571428571428
6.4239999999999995
6.424428571428571
6.424857142857142
6.425285714285714
6.425714285714285
6.426142857142857
6.426571428571428
6.427
6.427428571428571
6.4278571428571425
6.428285714285714
6.428714285714285
6.429142857142857
6.429571428571428
6.43
6.430428571428571
6.430857142857143
6.431285714285714
6.4317142857142855
6.432142857142857
6.432571428571428
6.433
6.433428571428571
6.433857142857143
6.434285714285714
6.434714285714286
6.435142857142857
6.4355714285714285
6.436
6.436428571428571
6.436857142857143
6.437285714285714
6.437714285714286
6.438142857142857
6.438571428571429
6.439
6.4394285714285715
6.439857142857143
6.440285714285714
6.440714285714286
6.441142857142857
6.441571428571429
6.442
6.442428571428572
6.442857142857143
6.4432857142857145
6.443714285714286
6.444142857142857
6.444571428571429
6.445
6.445428571428572
6.445857142857143
6.446285714285715
6.446714285714286
6.4471428571428575
6.447571428571429
6.448
6.448428571428572
6.448857142857143
6.449285714285715
6.449714285714286
6.450142857142858
6.450571428571429
6.4510000000000005
6.451428571428572
6.4518571428571425
6.452285714285714
6.452714285714285
6.453142857142857
6.453571428571428
6.454
6.454428571428571
6.454857142857143
6.455285714285714
6.4557142857142855
6.456142857142857
6.456571428571428
6.457
6.457428571428571
6.457857142857143
6.458285714285714
6.458714285714286
6.459142857142857
6.4595714285714285
6.46
6.460428571428571
6.460857142857143
6.461285714285714
6.461714285714286
6.462142857142857
6.462571428571429
6.463
6.4634285714285715
6.463857142857142
6.4642857142857135
6.464714285714285
6.465142857142856
6.465571428571428
6.465999999999999
6.466428571428571
6.466857142857142
6.467285714285714
6.467714285714285
6.4681428571428565
6.468571428571428
6.468999999999999
6.469428571428571
6.469857142857142
6.470285714285714
6.470714285714285
6.471142857142857
6.471571428571428
6.4719999999999995
6.472428571428571
6.472857142857142
6.473285714285714
6.473714285714285
6.474142857142857
6.474571428571428
6.475
6.475428571428571
6.4758571428571425
6.476285714285714
6.476714285714285
6.477142857142857
6.477571428571428
6.478
6.478428571428571
6.478857142857143
6.479285714285714
6.4797142857142855
6.480142857142857
6.480571428571428
6.481
6.481428571428571
6.481857142857143
6.482285714285714
6.482714285714286
6.483142857142857
6.4835714285714285
6.484
6.484428571428571
6.484857142857143
6.485285714285714
6.485714285714286
6.486142857142857
6.486571428571429
6.487
6.4874285714285715
6.487857142857143
6.488285714285714
6.488714285714286
6.489142857142857
6.489571428571429
6.49
6.490428571428572
6.490857142857143
6.4912857142857145
6.491714285714286
6.492142857142857
6.492571428571429
6.493
6.493428571428572
6.493857142857143
6.494285714285715
6.494714285714286
6.4951428571428576
6.495571428571429
6.496
6.496428571428572
6.496857142857143
6.497285714285715
6.497714285714286
6.498142857142858
6.498571428571428
6.499
6.499428571428571
6.4998571428571426
6.500285714285714
6.5007142857142854
6.501142857142857
6.501571428571428
6.502
6.502428571428571
6.502857142857143
6.503285714285714
6.503714285714286
6.504142857142857
6.5045714285714284
6.505
6.505428571428571
6.505857142857143
6.506285714285714
6.506714285714286
6.507142857142857
6.507571428571429
6.508
6.5084285714285715
6.508857142857143
6.509285714285714
6.509714285714286
6.510142857142857
6.510571428571428
6.510999999999999
6.511428571428571
6.511857142857142
6.512285714285714
6.512714285714285
6.5131428571428565
6.513571428571428
6.513999999999999
6.514428571428571
6.514857142857142
6.515285714285714
6.515714285714285
6.516142857142857
6.516571428571428
6.5169999999999995
6.517428571428571
6.517857142857142
6.518285714285714
6.518714285714285
6.519142857142857
6.519571428571428
6.52
6.520428571428571
6.5208571428571425
6.521285714285714
6.521714285714285
6.522142857142857
6.522571428571428
6.523
6.523428571428571
6.523857142857143
6.524285714285714
6.5247142857142855
6.525142857142857
6.525571428571428
6.526
6.526428571428571
6.526857142857143
6.527285714285714
6.527714285714286
6.528142857142857
6.5285714285714285
6.529
6.529428571428571
6.529857142857143
6.530285714285714
6.530714285714286
6.531142857142857
6.531571428571429
6.532
6.5324285714285715
6.532857142857143
6.533285714285714
6.533714285714286
6.534142857142857
6.534571428571429
6.535
6.535428571428572
6.535857142857143
6.5362857142857145
6.536714285714286
6.537142857142857
6.537571428571429
6.538
6.538428571428572
6.538857142857143
6.539285714285715
6.539714285714286
6.5401428571428575
6.540571428571429
6.541
6.541428571428572
6.541857142857143
6.542285714285715
6.542714285714286
6.543142857142858
6.543571428571429
6.5440000000000005
6.544428571428572
6.544857142857143
6.545285714285715
6.545714285714285
6.546142857142857
6.546571428571428
6.547
6.547428571428571
6.547857142857143
6.548285714285714
6.5487142857142855
6.549142857142857
6.549571428571428
6.55
6.550428571428571
6.550857142857143
6.551285714285714
6.551714285714286
6.552142857142857
6.5525714285714285
6.553
6.553428571428571
6.553857142857143
6.554285714285714
6.554714285714286
6.555142857142857
6.555571428571429
6.556
6.5564285714285715
6.556857142857143
6.5572857142857135
6.557714285714285
6.558142857142856
6.558571428571428
6.558999999999999
6.559428571428571
6.559857142857142
6.560285714285714
6.560714285714285
6.5611428571428565
6.561571428571428
6.561999999999999
6.562428571428571
6.562857142857142
6.563285714285714
6.563714285714285
6.564142857142857
6.564571428571428
6.5649999999999995
6.565428571428571
6.565857142857142
6.566285714285714
6.566714285714285
6.567142857142857
6.567571428571428
6.568
6.568428571428571
6.5688571428571425
6.569285714285714
6.569714285714285
6.570142857142857
6.570571428571428
6.571
6.571428571428571
6.571857142857143
6.572285714285714
6.5727142857142855
6.573142857142857
6.573571428571428
6.574
6.574428571428571
6.574857142857143
6.575285714285714
6.575714285714286
6.576142857142857
6.5765714285714285
6.577
6.577428571428571
6.577857142857143
6.578285714285714
6.578714285714286
6.579142857142857
6.579571428571429
6.58
6.5804285714285715
6.580857142857143
6.581285714285714
6.581714285714286
6.582142857142857
6.582571428571429
6.583
6.583428571428572
6.583857142857143
6.5842857142857145
6.584714285714286
6.585142857142857
6.585571428571429
6.586
6.586428571428572
6.586857142857143
6.587285714285715
6.587714285714286
6.5881428571428575
6.588571428571429
6.589
6.589428571428572
6.589857142857143
6.590285714285715
6.590714285714286
6.591142857142858
6.591571428571429
6.5920000000000005
6.592428571428571
6.5928571428571425
6.593285714285714
6.593714285714285
6.594142857142857
6.594571428571428
6.595
6.595428571428571
6.595857142857143
6.596285714285714
6.5967142857142855
6.597142857142857
6.597571428571428
6.598
6.598428571428571
6.598857142857143
6.599285714285714
6.599714285714286
6.600142857142857
6.6005714285714285
6.601
6.601428571428571
6.601857142857143
6.602285714285714
6.602714285714286
6.603142857142857
6.603571428571429
6.603999999999999
6.604428571428571
6.604857142857142
6.6052857142857135
6.605714285714285
6.606142857142856
6.606571428571428
6.606999999999999
6.607428571428571
6.607857142857142
6.608285714285714
6.608714285714285
6.6091428571428565
6.609571428571428
6.609999999999999
6.610428571428571
6.610857142857142
6.611285714285714
6.611714285714285
6.612142857142857
6.612571428571428
6.6129999999999995
6.613428571428571
6.613857142857142
6.614285714285714
6.614714285714285
6.615142857142857
6.615571428571428
6.616
6.616428571428571
6.6168571428571425
6.617285714285714
6.617714285714285
6.618142857142857
6.618571428571428
6.619
6.619428571428571
6.619857142857143
6.620285714285714
6.6207142857142856
6.621142857142857
6.621571428571428
6.622
6.622428571428571
6.622857142857143
6.623285714285714
6.623714285714286
6.624142857142857
6.6245714285714286
6.625
6.6254285714285714
6.625857142857143
6.626285714285714
6.626714285714286
6.627142857142857
6.627571428571429
6.628
6.628428571428572
6.628857142857143
6.6292857142857144
6.629714285714286
6.630142857142857
6.630571428571429
6.631
6.631428571428572
6.631857142857143
6.632285714285715
6.632714285714286
6.6331428571428575
6.633571428571429
6.634
6.634428571428572
6.634857142857143
6.635285714285715
6.635714285714286
6.636142857142858
6.636571428571429
6.6370000000000005
6.637428571428572
6.637857142857143
6.638285714285715
6.638714285714286
6.639142857142857
6.639571428571428
6.64
6.640428571428571
6.640857142857143
6.641285714285714
6.6417142857142855
6.642142857142857
6.642571428571428
6.643
6.643428571428571
6.643857142857143
6.644285714285714
6.644714285714286
6.645142857142857
6.6455714285714285
6.646
6.646428571428571
6.646857142857143
6.647285714285714
6.647714285714286
6.648142857142857
6.648571428571429
6.649
6.6494285714285715
6.649857142857143
6.650285714285714
6.650714285714285
6.651142857142856
6.651571428571428
6.651999999999999
6.652428571428571
6.652857142857142
6.653285714285714
6.653714285714285
6.6541428571428565
6.654571428571428
6.654999999999999
6.655428571428571
6.655857142857142
6.656285714285714
6.656714285714285
6.657142857142857
6.657571428571428
6.6579999999999995
6.658428571428571
6.658857142857142
6.659285714285714
6.659714285714285
6.660142857142857
6.660571428571428
6.661
6.661428571428571
6.6618571428571425
6.662285714285714
6.662714285714285
6.663142857142857
6.663571428571428
6.664
6.664428571428571
6.664857142857143
6.665285714285714
6.6657142857142855
6.666142857142857
6.666571428571428
6.667
6.667428571428571
6.667857142857143
6.668285714285714
6.668714285714286
6.669142857142857
6.6695714285714285
6.67
6.670428571428571
6.670857142857143
6.671285714285714
6.671714285714286
6.672142857142857
6.672571428571429
6.673
6.6734285714285715
6.673857142857143
6.674285714285714
6.674714285714286
6.675142857142857
6.675571428571429
6.676
6.676428571428572
6.676857142857143
6.6772857142857145
6.677714285714286
6.678142857142857
6.678571428571429
6.679
6.679428571428572
6.679857142857143
6.680285714285715
6.680714285714286
6.6811428571428575
6.681571428571429
6.682
6.682428571428572
6.682857142857143
6.683285714285715
6.683714285714286
6.684142857142858
6.684571428571429
6.6850000000000005
6.685428571428572
6.6858571428571425
6.686285714285714
6.686714285714285
6.687142857142857
6.687571428571428
6.688
6.688428571428571
6.688857142857143
6.689285714285714
6.6897142857142855
6.690142857142857
6.690571428571428
6.691
6.691428571428571
6.691857142857143
6.692285714285714
6.692714285714286
6.693142857142857
6.6935714285714285
6.694
6.694428571428571
6.694857142857143
6.695285714285714
6.695714285714286
6.696142857142857
6.696571428571429
6.697
6.6974285714285715
6.697857142857142
6.6982857142857135
6.698714285714285
6.699142857142856
6.699571428571428
6.699999999999999
6.700428571428571
6.700857142857142
6.701285714285714
6.701714285714285
6.7021428571428565
6.702571428571428
6.702999999999999
6.703428571428571
6.703857142857142
6.704285714285714
6.704714285714285
6.705142857142857
6.705571428571428
6.7059999999999995
6.706428571428571
6.706857142857142
6.707285714285714
6.707714285714285
6.708142857142857
6.708571428571428
6.709
6.709428571428571
6.7098571428571425
6.710285714285714
6.710714285714285
6.711142857142857
6.711571428571428
6.712
6.712428571428571
6.712857142857143
6.713285714285714
6.7137142857142855
6.714142857142857
6.714571428571428
6.715
6.715428571428571
6.715857142857143
6.716285714285714
6.716714285714286
6.717142857142857
6.7175714285714285
6.718
6.718428571428571
6.718857142857143
6.719285714285714
6.719714285714286
6.720142857142857
6.720571428571429
6.721
6.7214285714285715
6.721857142857143
6.722285714285714
6.722714285714286
6.723142857142857
6.723571428571429
6.724
6.724428571428572
6.724857142857143
6.7252857142857145
6.725714285714286
6.726142857142857
6.726571428571429
6.727
6.727428571428572
6.727857142857143
6.728285714285715
6.728714285714286
6.7291428571428575
6.729571428571429
6.73
6.730428571428572
6.730857142857143
6.731285714285715
6.731714285714286
6.732142857142858
6.732571428571429
6.733
6.733428571428571
6.7338571428571425
6.734285714285714
6.734714285714285
6.735142857142857
6.735571428571428
6.736
6.736428571428571
6.736857142857143
6.737285714285714
6.7377142857142855
6.738142857142857
6.738571428571428
6.739
6.739428571428571
6.739857142857143
6.740285714285714
6.740714285714286
6.741142857142857
6.7415714285714285
6.742
6.742428571428571
6.742857142857143
6.743285714285714
6.743714285714286
6.744142857142857
6.744571428571428
6.744999999999999
6.745428571428571
6.745857142857142
6.7462857142857136
6.746714285714285
6.747142857142856
6.747571428571428
6.747999999999999
6.748428571428571
6.748857142857142
6.749285714285714
6.749714285714285
