7.300428571428571
7.300857142857143
7.301285714285714
7.301714285714286
7.302142857142857
7.3025714285714285
7.303
7.303428571428571
7.303857142857143
7.304285714285714
7.304714285714286
7.305142857142857
7.305571428571429
7.306
7.306428571428571
7.306857142857142
7.3072857142857135
7.307714285714285
7.308142857142856
7.308571428571428
7.308999999999999
7.309428571428571
7.309857142857142
7.310285714285714
7.310714285714285
7.3111428571428565
7.311571428571428
7.311999999999999
7.312428571428571
7.312857142857142
7.313285714285714
7.313714285714285
7.314142857142857
7.314571428571428
7.3149999999999995
7.315428571428571
7.315857142857142
7.316285714285714
7.316714285714285
7.317142857142857
7.317571428571428
7.318
7.318428571428571
7.3188571428571425
7.319285714285714
7.319714285714285
7.320142857142857
7.320571428571428
7.321
7.321428571428571
7.321857142857143
7.322285714285714
7.3227142857142855
7.323142857142857
7.323571428571428
7.324
7.324428571428571
7.324857142857143
7.325285714285714
7.325714285714286
7.326142857142857
7.3265714285714285
7.327
7.327428571428571
7.327857142857143
7.328285714285714
7.328714285714286
7.329142857142857
7.329571428571429
7.33
7.3304285714285715
7.330857142857143
7.331285714285714
7.331714285714286
7.332142857142857
7.332571428571429
7.333
7.333428571428572
7.333857142857143
7.3342857142857145
7.334714285714286
7.335142857142857
7.335571428571429
7.336
7.336428571428572
7.336857142857143
7.337285714285715
7.337714285714286
7.3381428571428575
7.338571428571429
7.339
7.339428571428572
7.339857142857143
7.340285714285715
7.340714285714286
7.341142857142858
7.341571428571428
7.342
7.342428571428571
7.3428571428571425
7.343285714285714
7.343714285714285
7.344142857142857
7.344571428571428
7.345
7.345428571428571
7.345857142857143
7.346285714285714
7.3467142857142855
7.347142857142857
7.347571428571428
7.348
7.348428571428571
7.348857142857143
7.349285714285714
7.349714285714286
7.350142857142857
7.3505714285714285
7.351
7.351428571428571
7.351857142857143
7.352285714285714
7.352714285714286
7.353142857142856
7.353571428571428
7.353999999999999
7.354428571428571
7.354857142857142
7.3552857142857135
7.355714285714285
7.356142857142856
7.356571428571428
7.356999999999999
7.357428571428571
7.357857142857142
7.358285714285714
7.358714285714285
7.3591428571428565
7.359571428571428
7.359999999999999
7.360428571428571
7.360857142857142
7.361285714285714
7.361714285714285
7.362142857142857
7.362571428571428
7.3629999999999995
7.363428571428571
7.363857142857142
7.364285714285714
7.364714285714285
7.365142857142857
7.365571428571428
7.366
7.366428571428571
7.3668571428571425
7.367285714285714
7.367714285714285
7.368142857142857
7.368571428571428
7.369
7.369428571428571
7.369857142857143
7.370285714285714
7.3707142857142856
7.371142857142857
7.371571428571428
7.372
7.372428571428571
7.372857142857143
7.373285714285714
7.373714285714286
7.374142857142857
7.3745714285714286
7.375
7.3754285714285714
7.375857142857143
7.376285714285714
7.376714285714286
7.377142857142857
7.377571428571429
7.378
7.378428571428572
7.378857142857143
7.3792857142857144
7.379714285714286
7.380142857142857
7.380571428571429
7.381
7.381428571428572
7.381857142857143
7.382285714285715
7.382714285714286
7.3831428571428575
7.383571428571429
7.384
7.384428571428572
7.384857142857143
7.385285714285715
7.385714285714286
7.386142857142858
7.386571428571429
7.3870000000000005
7.387428571428572
7.387857142857143
7.388285714285714
7.388714285714285
7.389142857142857
7.389571428571428
7.39
7.390428571428571
7.390857142857143
7.391285714285714
7.3917142857142855
7.392142857142857
7.392571428571428
7.393
7.393428571428571
7.393857142857143
7.394285714285714
7.394714285714286
7.395142857142857
7.3955714285714285
7.396
7.396428571428571
7.396857142857143
7.397285714285714
7.397714285714286
7.398142857142857
7.398571428571429
7.399
7.3994285714285715
7.399857142857142
7.4002857142857135
7.400714285714285
7.401142857142856
7.401571428571428
7.401999999999999
7.402428571428571
7.402857142857142
7.403285714285714
7.403714285714285
7.4041428571428565
7.404571428571428
7.404999999999999
7.405428571428571
7.405857142857142
7.406285714285714
7.406714285714285
7.407142857142857
7.407571428571428
7.4079999999999995
7.408428571428571
7.408857142857142
7.409285714285714
7.409714285714285
7.410142857142857
7.410571428571428
7.411
7.411428571428571
7.4118571428571425
7.412285714285714
7.412714285714285
7.413142857142857
7.413571428571428
7.414
7.414428571428571
7.414857142857143
7.415285714285714
7.4157142857142855
7.416142857142857
7.416571428571428
7.417
7.417428571428571
7.417857142857143
7.418285714285714
7.418714285714286
7.419142857142857
7.4195714285714285
7.42
7.420428571428571
7.420857142857143
7.421285714285714
7.421714285714286
7.422142857142857
7.422571428571429
7.423
7.4234285714285715
7.423857142857143
7.424285714285714
7.424714285714286
7.425142857142857
7.425571428571429
7.426
7.426428571428572
7.426857142857143
7.4272857142857145
7.427714285714286
7.428142857142857
7.428571428571429
7.429
7.429428571428572
7.429857142857143
7.430285714285715
7.430714285714286
7.4311428571428575
7.431571428571429
7.432
7.432428571428572
7.432857142857143
7.433285714285715
7.433714285714286
7.434142857142858
7.434571428571429
7.435
7.435428571428571
7.4358571428571425
7.436285714285714
7.436714285714285
7.437142857142857
7.437571428571428
7.438
7.438428571428571
7.438857142857143
7.439285714285714
7.4397142857142855
7.440142857142857
7.440571428571428
7.441
7.441428571428571
7.441857142857143
7.442285714285714
7.442714285714286
7.443142857142857
7.4435714285714285
7.444
7.444428571428571
7.444857142857143
7.445285714285714
7.445714285714286
7.446142857142857
7.446571428571428
7.446999999999999
7.447428571428571
7.447857142857142
7.4482857142857135
7.448714285714285
7.449142857142856
7.449571428571428
7.449999999999999
7.450428571428571
7.450857142857142
7.451285714285714
7.451714285714285
7.4521428571428565
7.452571428571428
7.452999999999999
7.453428571428571
7.453857142857142
7.454285714285714
7.454714285714285
7.455142857142857
7.455571428571428
7.4559999999999995
7.456428571428571
7.456857142857142
7.457285714285714
7.457714285714285
7.458142857142857
7.458571428571428
7.459
7.459428571428571
7.4598571428571425
7.460285714285714
7.460714285714285
7.461142857142857
7.461571428571428
7.462
7.462428571428571
7.462857142857143
7.463285714285714
7.4637142857142855
7.464142857142857
7.464571428571428
7.465
7.465428571428571
7.465857142857143
7.466285714285714
7.466714285714286
7.467142857142857
7.4675714285714285
7.468
7.468428571428571
7.468857142857143
7.469285714285714
7.469714285714286
7.470142857142857
7.470571428571429
7.471
7.4714285714285715
7.471857142857143
7.472285714285714
7.472714285714286
7.473142857142857
7.473571428571429
7.474
7.474428571428572
7.474857142857143
7.4752857142857145
7.475714285714286
7.476142857142857
7.476571428571429
7.477
7.477428571428572
7.477857142857143
7.478285714285715
7.478714285714286
7.4791428571428575
7.479571428571429
7.48
7.480428571428572
7.480857142857143
7.481285714285715
7.481714285714285
7.482142857142857
7.482571428571428
7.483
7.483428571428571
7.4838571428571425
7.484285714285714
7.484714285714285
7.485142857142857
7.485571428571428
7.486
7.486428571428571
7.486857142857143
7.487285714285714
7.4877142857142855
7.488142857142857
7.488571428571428
7.489
7.489428571428571
7.489857142857143
7.490285714285714
7.490714285714286
7.491142857142857
7.4915714285714285
7.492
7.492428571428571
7.492857142857143
7.493285714285714
7.493714285714285
7.494142857142856
7.494571428571428
7.494999999999999
7.495428571428571
7.495857142857142
7.4962857142857136
7.496714285714285
7.497142857142856
7.497571428571428
7.497999999999999
7.498428571428571
7.498857142857142
7.499285714285714
7.499714285714285
7.500142857142857
7.500571428571428
7.5009999999999994
7.501428571428571
7.501857142857142
7.502285714285714
7.502714285714285
7.503142857142857
7.503571428571428
7.504
7.504428571428571
7.5048571428571424
7.505285714285714
7.505714285714285
7.506142857142857
7.506571428571428
7.507
7.507428571428571
7.507857142857143
7.508285714285714
7.5087142857142855
7.509142857142857
7.509571428571428
7.51
7.510428571428571
7.510857142857143
7.511285714285714
7.511714285714286
7.512142857142857
7.5125714285714285
7.513
7.513428571428571
7.513857142857143
7.514285714285714
7.514714285714286
7.515142857142857
7.515571428571429
7.516
7.5164285714285715
7.516857142857143
7.517285714285714
7.517714285714286
7.518142857142857
7.518571428571429
7.519
7.519428571428572
7.519857142857143
7.5202857142857145
7.520714285714286
7.521142857142857
7.521571428571429
7.522
7.522428571428572
7.522857142857143
7.523285714285715
7.523714285714286
7.5241428571428575
7.524571428571429
7.525
7.525428571428572
7.525857142857143
7.526285714285715
7.526714285714286
7.527142857142858
7.527571428571429
7.5280000000000005
7.528428571428571
7.5288571428571425
7.529285714285714
7.529714285714285
7.530142857142857
7.530571428571428
7.531
7.531428571428571
7.531857142857143
7.532285714285714
7.5327142857142855
7.533142857142857
7.533571428571428
7.534
7.534428571428571
7.534857142857143
7.535285714285714
7.535714285714286
7.536142857142857
7.5365714285714285
7.537
7.537428571428571
7.537857142857143
7.538285714285714
7.538714285714286
7.539142857142857
7.539571428571429
7.54
7.540428571428571
7.540857142857142
7.5412857142857135
7.541714285714285
7.542142857142856
7.542571428571428
7.542999999999999
7.543428571428571
7.543857142857142
7.544285714285714
7.544714285714285
7.5451428571428565
7.545571428571428
7.545999999999999
7.546428571428571
7.546857142857142
7.547285714285714
7.547714285714285
7.548142857142857
7.548571428571428
7.5489999999999995
7.549428571428571
7.549857142857142
7.550285714285714
7.550714285714285
7.551142857142857
7.551571428571428
7.552
7.552428571428571
7.5528571428571425
7.553285714285714
7.553714285714285
7.554142857142857
7.554571428571428
7.555
7.555428571428571
7.555857142857143
7.556285714285714
7.5567142857142855
7.557142857142857
7.557571428571428
7.558
7.558428571428571
7.558857142857143
7.559285714285714
7.559714285714286
7.560142857142857
7.5605714285714285
7.561
7.561428571428571
7.561857142857143
7.562285714285714
7.562714285714286
7.563142857142857
7.563571428571429
7.564
7.5644285714285715
7.564857142857143
7.565285714285714
7.565714285714286
7.566142857142857
7.566571428571429
7.567
7.567428571428572
7.567857142857143
7.5682857142857145
7.568714285714286
7.569142857142857
7.569571428571429
7.57
7.570428571428572
7.570857142857143
7.571285714285715
7.571714285714286
7.5721428571428575
7.572571428571429
7.573
7.573428571428572
7.573857142857143
7.574285714285715
7.574714285714286
7.575142857142858
7.575571428571428
7.576
7.576428571428571
7.5768571428571425
7.577285714285714
7.577714285714285
7.578142857142857
7.578571428571428
7.579
7.579428571428571
7.579857142857143
7.580285714285714
7.5807142857142855
7.581142857142857
7.581571428571428
7.582
7.582428571428571
7.582857142857143
7.583285714285714
7.583714285714286
7.584142857142857
7.5845714285714285
7.585
7.585428571428571
7.585857142857143
7.586285714285714
7.586714285714286
7.587142857142856
7.587571428571428
7.587999999999999
7.588428571428571
7.588857142857142
7.5892857142857135
7.589714285714285
7.590142857142856
7.590571428571428
7.590999999999999
7.591428571428571
7.591857142857142
7.592285714285714
7.592714285714285
7.5931428571428565
7.593571428571428
7.593999999999999
7.594428571428571
7.594857142857142
7.595285714285714
7.595714285714285
7.596142857142857
7.596571428571428
7.5969999999999995
7.597428571428571
7.597857142857142
7.598285714285714
7.598714285714285
7.599142857142857
7.599571428571428
