5.400142857142857
5.400571428571428
5.401
5.401428571428571
5.401857142857143
5.402285714285714
5.402714285714286
5.403142857142857
5.4035714285714285
5.404
5.404428571428571
5.404857142857143
5.405285714285714
5.405714285714286
5.406142857142857
5.406571428571429
5.407
5.4074285714285715
5.407857142857143
5.408285714285714
5.408714285714286
5.409142857142857
5.409571428571429
5.41
5.410428571428572
5.410857142857143
5.4112857142857145
5.411714285714286
5.412142857142857
5.412571428571429
5.413
5.413428571428572
5.413857142857143
5.414285714285715
5.414714285714286
5.4151428571428575
5.415571428571429
5.416
5.416428571428572
5.416857142857143
5.417285714285715
5.417714285714286
5.418142857142858
5.418571428571429
5.419
5.419428571428571
5.4198571428571425
5.420285714285714
5.420714285714285
5.421142857142857
5.421571428571428
5.422
5.422428571428571
5.422857142857143
5.423285714285714
5.4237142857142855
5.424142857142857
5.424571428571428
5.425
5.425428571428571
5.425857142857143
5.426285714285714
5.426714285714286
5.427142857142857
5.4275714285714285
5.428
5.428428571428571
5.428857142857143
5.429285714285714
5.429714285714286
5.430142857142857
5.430571428571429
5.431
5.4314285714285715
5.431857142857143
5.432285714285714
5.432714285714286
5.433142857142857
5.433571428571429
5.434
5.434428571428572
5.434857142857143
5.4352857142857145
5.435714285714286
5.436142857142857
5.436571428571428
5.436999999999999
5.437428571428571
5.437857142857142
5.438285714285714
5.438714285714285
5.439142857142857
5.439571428571428
5.4399999999999995
5.440428571428571
5.440857142857142
5.441285714285714
5.441714285714285
5.442142857142857
5.442571428571428
5.443
5.443428571428571
5.4438571428571425
5.444285714285714
5.444714285714285
5.445142857142857
5.445571428571428
5.446
5.446428571428571
5.446857142857143
5.447285714285714
5.4477142857142855
5.448142857142857
5.448571428571428
5.449
5.449428571428571
5.449857142857143
5.450285714285714
5.450714285714286
5.451142857142857
5.4515714285714285
5.452
5.452428571428571
5.452857142857143
5.453285714285714
5.453714285714286
5.454142857142857
5.454571428571429
5.455
5.4554285714285715
5.455857142857143
5.456285714285714
5.456714285714286
5.457142857142857
5.457571428571429
5.458
5.458428571428572
5.458857142857143
5.4592857142857145
5.459714285714286
5.460142857142857
5.460571428571429
5.461
5.461428571428572
5.461857142857143
5.462285714285715
5.462714285714286
5.4631428571428575
5.463571428571429
5.464
5.464428571428572
5.464857142857143
5.465285714285715
5.465714285714286
5.466142857142857
5.466571428571428
5.467
5.467428571428571
5.4678571428571425
5.468285714285714
5.468714285714285
5.469142857142857
5.469571428571428
5.47
5.470428571428571
5.470857142857143
5.471285714285714
5.4717142857142855
5.472142857142857
5.472571428571428
5.473
5.473428571428571
5.473857142857143
5.474285714285714
5.474714285714286
5.475142857142857
5.4755714285714285
5.476
5.476428571428571
5.476857142857143
5.477285714285714
5.477714285714286
5.478142857142857
5.478571428571429
5.479
5.4794285714285715
5.479857142857143
5.480285714285714
5.480714285714286
5.481142857142857
5.481571428571429
5.482
5.482428571428572
5.482857142857143
5.4832857142857145
5.483714285714285
5.4841428571428565
5.484571428571428
5.484999999999999
5.485428571428571
5.485857142857142
5.486285714285714
5.486714285714285
5.487142857142857
5.487571428571428
5.4879999999999995
5.488428571428571
5.488857142857142
5.489285714285714
5.489714285714285
5.490142857142857
5.490571428571428
5.491
5.491428571428571
5.4918571428571425
5.492285714285714
5.492714285714285
5.493142857142857
5.493571428571428
5.494
5.494428571428571
5.494857142857143
5.495285714285714
5.4957142857142856
5.496142857142857
5.496571428571428
5.497
5.497428571428571
5.497857142857143
5.498285714285714
5.498714285714286
5.499142857142857
5.4995714285714286
5.5
5.5004285714285714
5.500857142857143
5.501285714285714
5.501714285714286
5.502142857142857
5.502571428571429
5.503
5.503428571428572
5.503857142857143
5.5042857142857144
5.504714285714286
5.505142857142857
5.505571428571429
5.506
5.506428571428572
5.506857142857143
5.507285714285715
5.507714285714286
5.5081428571428575
5.508571428571429
5.509
5.509428571428572
5.509857142857143
5.510285714285715
5.510714285714286
5.511142857142858
5.511571428571429
5.5120000000000005
5.512428571428572
5.5128571428571425
5.513285714285714
5.513714285714285
5.514142857142857
5.514571428571428
5.515
5.515428571428571
5.515857142857143
5.516285714285714
5.5167142857142855
5.517142857142857
5.517571428571428
5.518
5.518428571428571
5.518857142857143
5.519285714285714
5.519714285714286
5.520142857142857
5.5205714285714285
5.521
5.521428571428571
5.521857142857143
5.522285714285714
5.522714285714286
5.523142857142857
5.523571428571429
5.524
5.5244285714285715
5.524857142857143
5.525285714285714
5.525714285714286
5.526142857142857
5.526571428571429
5.527
5.527428571428572
5.527857142857143
5.5282857142857145
5.528714285714286
5.529142857142857
5.529571428571429
5.53
5.530428571428571
5.530857142857142
5.531285714285714
5.531714285714285
5.532142857142857
5.532571428571428
5.5329999999999995
5.533428571428571
5.533857142857142
5.534285714285714
5.534714285714285
5.535142857142857
5.535571428571428
5.536
5.536428571428571
5.5368571428571425
5.537285714285714
5.537714285714285
5.538142857142857
5.538571428571428
5.539
5.539428571428571
5.539857142857143
5.540285714285714
5.5407142857142855
5.541142857142857
5.541571428571428
5.542
5.542428571428571
5.542857142857143
5.543285714285714
5.543714285714286
5.544142857142857
5.5445714285714285
5.545
5.545428571428571
5.545857142857143
5.546285714285714
5.546714285714286
5.547142857142857
5.547571428571429
5.548
5.5484285714285715
5.548857142857143
5.549285714285714
5.549714285714286
5.550142857142857
5.550571428571429
5.551
5.551428571428572
5.551857142857143
5.5522857142857145
5.552714285714286
5.553142857142857
5.553571428571429
5.554
5.554428571428572
5.554857142857143
5.555285714285715
5.555714285714286
5.5561428571428575
5.556571428571429
5.557
5.557428571428572
5.557857142857143
5.558285714285715
5.558714285714286
5.559142857142858
5.559571428571428
5.56
5.560428571428571
5.5608571428571425
5.561285714285714
5.561714285714285
5.562142857142857
5.562571428571428
5.563
5.563428571428571
5.563857142857143
5.564285714285714
5.5647142857142855
5.565142857142857
5.565571428571428
5.566
5.566428571428571
5.566857142857143
5.567285714285714
5.567714285714286
5.568142857142857
5.5685714285714285
5.569
5.569428571428571
5.569857142857143
5.570285714285714
5.570714285714286
5.571142857142857
5.571571428571429
5.572
5.5724285714285715
5.572857142857143
5.573285714285714
5.573714285714286
5.574142857142857
5.574571428571429
5.575
5.575428571428572
5.575857142857143
5.5762857142857145
5.576714285714286
5.5771428571428565
5.577571428571428
5.577999999999999
5.578428571428571
5.578857142857142
5.579285714285714
5.579714285714285
5.580142857142857
5.580571428571428
5.5809999999999995
5.581428571428571
5.581857142857142
5.582285714285714
5.582714285714285
5.583142857142857
5.583571428571428
5.584
5.584428571428571
5.5848571428571425
5.585285714285714
5.585714285714285
5.586142857142857
5.586571428571428
5.587
5.587428571428571
5.587857142857143
5.588285714285714
5.5887142857142855
5.589142857142857
5.589571428571428
5.59
5.590428571428571
5.590857142857143
5.591285714285714
5.591714285714286
5.592142857142857
5.5925714285714285
5.593
5.593428571428571
5.593857142857143
5.594285714285714
5.594714285714286
5.595142857142857
5.595571428571429
5.596
5.5964285714285715
5.596857142857143
5.597285714285714
5.597714285714286
5.598142857142857
5.598571428571429
5.599
5.599428571428572
5.599857142857143
5.6002857142857145
5.600714285714286
5.601142857142857
5.601571428571429
5.602
5.602428571428572
5.602857142857143
5.603285714285715
5.603714285714286
5.6041428571428575
5.604571428571429
5.605
5.605428571428572
5.605857142857143
5.606285714285714
5.606714285714285
5.607142857142857
5.607571428571428
5.608
5.608428571428571
5.6088571428571425
5.609285714285714
5.609714285714285
5.610142857142857
5.610571428571428
5.611
5.611428571428571
5.611857142857143
5.612285714285714
5.6127142857142855
5.613142857142857
5.613571428571428
5.614
5.614428571428571
5.614857142857143
5.615285714285714
5.615714285714286
5.616142857142857
5.6165714285714285
5.617
5.617428571428571
5.617857142857143
5.618285714285714
5.618714285714286
5.619142857142857
5.619571428571429
5.62
5.6204285714285716
5.620857142857143
5.621285714285714
5.621714285714286
5.622142857142857
5.622571428571429
5.623
5.623428571428572
5.623857142857142
5.624285714285714
5.624714285714285
5.625142857142857
5.625571428571428
5.6259999999999994
5.626428571428571
5.626857142857142
5.627285714285714
5.627714285714285
5.628142857142857
5.628571428571428
5.629
5.629428571428571
5.6298571428571424
5.630285714285714
5.630714285714285
5.631142857142857
5.631571428571428
5.632
5.632428571428571
5.632857142857143
5.633285714285714
5.6337142857142855
5.634142857142857
5.634571428571428
5.635
5.635428571428571
5.635857142857143
5.636285714285714
5.636714285714286
5.637142857142857
5.6375714285714285
5.638
5.638428571428571
5.638857142857143
5.639285714285714
5.639714285714286
5.640142857142857
5.640571428571429
5.641
5.6414285714285715
5.641857142857143
5.642285714285714
5.642714285714286
5.643142857142857
5.643571428571429
5.644
5.644428571428572
5.644857142857143
5.6452857142857145
5.645714285714286
5.646142857142857
5.646571428571429
5.647
5.647428571428572
5.647857142857143
5.648285714285715
5.648714285714286
5.6491428571428575
5.649571428571429
5.65
5.650428571428572
5.650857142857143
5.651285714285715
5.651714285714286
5.652142857142858
5.652571428571429
5.6530000000000005
5.653428571428571
5.6538571428571425
5.654285714285714
5.654714285714285
5.655142857142857
5.655571428571428
5.656
5.656428571428571
5.656857142857143
5.657285714285714
5.6577142857142855
5.658142857142857
5.658571428571428
5.659
5.659428571428571
5.659857142857143
5.660285714285714
5.660714285714286
5.661142857142857
5.6615714285714285
5.662
5.662428571428571
5.662857142857143
5.663285714285714
5.663714285714286
5.664142857142857
5.664571428571429
5.665
5.6654285714285715
5.665857142857143
5.666285714285714
5.666714285714286
5.667142857142857
5.667571428571429
5.668
5.668428571428572
5.668857142857143
5.6692857142857145
5.669714285714286
5.670142857142857
5.670571428571429
5.670999999999999
5.671428571428571
5.671857142857142
5.672285714285714
5.672714285714285
5.673142857142857
5.673571428571428
5.6739999999999995
5.674428571428571
5.674857142857142
5.675285714285714
5.675714285714285
5.676142857142857
5.676571428571428
5.677
5.677428571428571
5.6778571428571425
5.678285714285714
5.678714285714285
5.679142857142857
5.679571428571428
5.68
5.680428571428571
5.680857142857143
5.681285714285714
5.6817142857142855
5.682142857142857
5.682571428571428
5.683
5.683428571428571
5.683857142857143
5.684285714285714
5.684714285714286
5.685142857142857
5.6855714285714285
5.686
5.686428571428571
5.686857142857143
5.687285714285714
5.687714285714286
5.688142857142857
5.688571428571429
5.689
5.6894285714285715
5.689857142857143
5.690285714285714
5.690714285714286
5.691142857142857
5.691571428571429
5.692
5.692428571428572
5.692857142857143
5.6932857142857145
5.693714285714286
5.694142857142857
5.694571428571429
5.695
5.695428571428572
5.695857142857143
5.696285714285715
5.696714285714286
5.6971428571428575
5.697571428571429
5.698
5.698428571428572
5.698857142857143
5.699285714285715
5.699714285714286
